21|1|0014
21|1|0015
21|1|0016
21|1|0017
21|1|0018
21|1|0019
176|1|0020
176|1|0021
176|1|0022
176|1|0023
176|1|0025
176|1|0026
176|1|0027
176|1|0028
176|1|0029
505|1|0038
505|1|0039
81|1|0040
81|1|0049
291|1|0050
291|1|0059
54|1|0060
54|1|0069
357|1|0079
71|1|0080
71|1|0089
286|1|0090
286|1|0099
198|1|0100
198|1|0101
198|1|0102
198|1|0103
198|1|0104
198|1|0105
198|1|0106
198|1|0107
198|1|0108
198|1|0109
198|1|0110
198|1|0114
198|1|0115
198|1|0116
198|1|0117
198|1|0118
198|1|0119
238|1|0120
238|1|0121
238|1|0127
238|1|0129
179|1|0130
179|1|0131
179|1|0138
179|1|0139
33|1|0144
33|1|0145
33|1|0146
33|1|0147
33|1|0148
33|1|0149
33|1|0150
33|1|0151
33|1|0152
33|1|0153
33|1|0154
33|1|0155
33|1|0156
33|1|0157
33|1|0158
33|1|0159
33|1|0160
33|1|0161
33|1|0164
33|1|0165
33|1|0166
33|1|0167
33|1|0168
33|1|0169
248|1|0170
248|1|0171
248|1|0176
248|1|0177
248|1|0178
248|1|0179
334|1|0180
334|1|0181
334|1|0188
334|1|0189
43|1|0210
43|1|0211
43|1|0217
43|1|0219
430|1|0229
167|1|0230
167|1|0238
167|1|0239
257|1|0240
257|1|0248
257|1|0249
434|1|0250
434|1|0258
434|1|0259
349|1|0260
349|1|0268
349|1|0269
393|1|0270
393|1|0271
393|1|0278
393|1|0279
274|1|0290
274|1|0297
274|1|0298
274|1|0299
178|1|0310
178|1|0311
178|1|0315
178|1|0316
178|1|0317
178|1|0318
178|1|0319
379|1|0320
379|1|0329
34|1|0330
34|1|0331
34|1|0335
34|1|0336
34|1|0337
34|1|0338
34|1|0339
34|1|0344
34|1|0345
34|1|0346
34|1|0347
34|1|0348
34|1|0349
21|1|0350
21|1|0354
21|1|0355
21|1|0356
21|1|0357
21|1|0358
21|1|0359
92|1|0360
92|1|0361
92|1|0368
92|1|0369
325|1|0380
325|1|0388
325|1|0389
199|1|0390
199|1|0392
199|1|0396
199|1|0397
199|1|0399
34|1|0428
34|1|0429
125|1|0430
125|1|0431
125|1|0438
477|1|0439
88|1|0440
88|1|0441
88|1|0448
88|1|0449
19|1|0460
19|1|0461
19|1|0468
19|1|0469
105|1|0470
105|1|0479
489|1|0480
489|1|0484
489|1|0485
489|1|0486
489|1|0487
489|1|0488
489|1|0489
70|1|0490
70|1|0491
70|1|0498
70|1|0499
426|1|0500
426|1|0509
425|1|0517
425|1|0518
425|1|0519
26|1|0520
26|1|0521
26|1|0524
26|1|0528
26|1|0529
33|1|0534
33|1|0535
33|1|0549
466|1|0558
466|1|0559
263|1|0567
263|1|0568
263|1|0569
59|1|0570
59|1|0579
282|1|0587
282|1|0588
282|1|0589
466|1|0600
466|1|0604
466|1|0605
466|1|0606
466|1|0607
466|1|0608
466|1|0609
466|1|0610
466|1|0611
466|1|0612
466|1|0614
466|1|0615
466|1|0616
466|1|0617
466|1|0618
466|1|0619
372|1|0630
372|1|0637
372|1|0638
372|1|0639
438|1|0649
367|1|0660
367|1|0661
367|1|0668
367|1|0669
192|1|0670
192|1|0679
345|1|0690
345|1|0691
345|1|0697
345|1|0698
345|1|0699
137|1|0700
137|1|0709
440|1|0710
440|1|0719
441|1|0726
441|1|0727
441|1|0728
441|1|0729
27|1|0730
27|1|0739
499|1|0759
428|1|0765
428|1|0766
428|1|0767
428|1|0768
428|1|0769
146|1|0770
146|1|0777
146|1|0778
146|1|0779
249|1|0800
249|1|0808
442|1|0810
442|1|0816
442|1|0817
442|1|0818
442|1|0819
119|1|0820
119|1|0829
96|1|0830
96|1|0831
96|1|0832
96|1|0838
96|1|0839
23|1|0860
23|1|0869
492|1|0878
492|1|0879
266|1|0890
266|1|0891
266|1|0892
266|1|0893
266|1|0894
266|1|0895
266|1|0896
266|1|0897
266|1|0898
266|1|0899
72|1|0900
72|1|0901
72|1|0908
72|1|0909
400|1|0920
400|1|0929
30|1|0940
30|1|0946
30|1|0947
30|1|0948
30|1|0949
264|1|0950
264|1|0959
475|1|0969
177|1|0980
177|1|0989
266|1|0990
266|1|0991
266|1|0996
266|1|0997
266|1|0998
266|1|0999
234|1|1000
234|1|1008
234|1|1009
278|1|1010
278|1|1011
278|1|1012
278|1|1018
278|1|1019
326|1|1020
326|1|1029
232|1|1030
232|1|1031
232|1|1038
232|1|1039
428|1|1044
428|1|1045
428|1|1046
428|1|1047
428|1|1048
428|1|1049
93|1|1050
93|1|1059
298|1|1070
298|1|1079
94|1|1080
94|1|1089
94|1|1090
94|1|1091
94|1|1092
94|1|1093
94|1|1095
94|1|1096
94|1|1097
94|1|1098
94|1|1099
56|1|1100
56|1|1108
56|1|1109
83|1|1120
83|1|1129
330|1|1130
330|1|1131
330|1|1138
330|1|1139
20|1|1150
20|1|1159
247|1|1160
247|1|1164
247|1|1165
247|1|1166
247|1|1167
247|1|1168
247|1|1169
144|1|1177
144|1|1178
144|1|1179
423|1|1190
423|1|1194
423|1|1195
423|1|1197
423|1|1198
423|1|1199
102|1|1200
102|1|1207
102|1|1208
102|1|1209
340|1|1210
340|1|1219
176|1|1251
176|1|1252
176|1|1253
176|1|1254
176|1|1255
176|1|1256
176|1|1257
176|1|1258
176|1|1259
97|1|1270
97|1|1277
97|1|1279
389|1|1290
486|1|1290
486|1|1294
486|1|1295
486|1|1296
389|1|1296
486|1|1297
486|1|1298
389|1|1298
389|1|1299
486|1|1299
306|1|1310
306|1|1319
354|1|1320
354|1|1321
354|1|1324
354|1|1325
354|1|1326
354|1|1327
354|1|1328
354|1|1329
221|1|1330
221|1|1339
227|1|1340
227|1|1341
227|1|1348
227|1|1349
112|1|1360
112|1|1368
112|1|1369
178|1|1370
178|1|1374
178|1|1375
178|1|1376
178|1|1377
178|1|1378
178|1|1379
323|1|1380
323|1|1381
323|1|1382
323|1|1387
323|1|1388
323|1|1389
333|1|1390
333|1|1391
333|1|1398
333|1|1399
366|1|1410
366|1|1419
26|1|1420
26|1|1421
26|1|1422
26|1|1423
26|1|1424
26|1|1425
26|1|1426
26|1|1427
26|1|1428
26|1|1429
449|1|1438
449|1|1439
501|1|1440
501|1|1445
501|1|1446
501|1|1447
501|1|1448
501|1|1449
428|1|1458
428|1|1459
460|1|1468
460|1|1469
433|1|1478
433|1|1479
404|1|1480
404|1|1489
433|1|1495
433|1|1496
433|1|1497
218|1|1509
494|1|1519
191|1|1520
191|1|1529
407|1|1530
407|1|1531
407|1|1538
407|1|1539
21|1|1548
21|1|1549
53|1|1568
53|1|1569
454|1|1579
431|1|1580
431|1|1588
431|1|1589
178|1|1598
178|1|1599
15|1|1608
15|1|1609
80|1|1610
80|1|1611
80|1|1618
80|1|1619
6|1|1636
6|1|1637
6|1|1638
6|1|1639
307|1|1650
307|1|1659
139|1|1680
139|1|1681
139|1|1682
139|1|1683
139|1|1686
139|1|1687
139|1|1688
139|1|1689
267|1|1708
267|1|1709
343|1|1714
343|1|1715
343|1|1716
343|1|1717
343|1|1718
343|1|1719
143|1|1720
143|1|1729
87|1|1730
87|1|1739
343|1|1747
343|1|1748
343|1|1749
161|1|1750
161|1|1759
311|1|1760
311|1|1769
46|1|1770
46|1|1777
46|1|1778
46|1|1779
141|1|1780
141|1|1781
141|1|1788
141|1|1789
343|1|1790
343|1|1794
343|1|1796
343|1|1797
343|1|1798
343|1|1799
392|1|1810
259|1|1820
259|1|1828
259|1|1829
162|1|1830
162|1|1836
162|1|1837
162|1|1838
162|1|1839
224|1|1850
224|1|1851
224|1|1852
224|1|1856
224|1|1857
224|1|1858
224|1|1859
60|1|1870
60|1|1871
60|1|1878
60|1|1879
131|1|1880
131|1|1885
131|1|1886
131|1|1887
131|1|1888
131|1|1889
180|1|1890
180|1|1899
77|1|1900
77|1|1908
77|1|1909
17|1|1910
17|1|1919
223|1|1920
223|1|1921
223|1|1927
223|1|1928
223|1|1929
38|1|1940
38|1|1949
294|1|1950
294|1|1959
420|1|1960
420|1|1969
147|1|1979
62|1|1987
62|1|1988
62|1|1989
448|1|2000
448|1|2001
448|1|2002
448|1|2003
448|1|2004
448|1|2005
448|1|2007
448|1|2008
448|1|2009
62|1|2010
62|1|2011
62|1|2012
62|1|2013
62|1|2014
62|1|2015
62|1|2016
62|1|2017
62|1|2018
62|1|2019
62|1|2020
62|1|2021
62|1|2024
62|1|2025
62|1|2026
62|1|2027
62|1|2028
62|1|2029
183|1|2030
183|1|2039
1|1|2044
1|1|2045
1|1|2049
176|1|2055
176|1|2056
176|1|2057
176|1|2058
176|1|2059
1|1|2074
1|1|2075
1|1|2076
1|1|2080
1|1|2085
1|1|2087
1|1|2088
1|1|2089
73|1|2090
73|1|2099
465|1|2100
465|1|2107
465|1|2108
465|1|2109
11|1|2110
11|1|2119
165|1|2120
165|1|2129
186|1|2150
186|1|2159
284|1|2160
284|1|2161
284|1|2162
284|1|2167
284|1|2168
284|1|2169
275|1|2170
275|1|2179
344|1|2180
344|1|2189
239|1|2190
239|1|2199
124|1|2210
124|1|2211
124|1|2218
124|1|2219
335|1|2220
335|1|2221
335|1|2222
335|1|2227
335|1|2228
335|1|2229
205|1|2250
205|1|2259
123|1|2264
123|1|2265
123|1|2266
123|1|2267
123|1|2268
123|1|2269
123|1|2274
123|1|2275
123|1|2276
123|1|2277
123|1|2278
123|1|2279
18|1|2280
18|1|2288
18|1|2289
347|1|2290
347|1|2291
347|1|2294
347|1|2295
347|1|2296
347|1|2297
347|1|2298
347|1|2299
213|1|2300
213|1|2309
123|1|2310
123|1|2311
123|1|2312
123|1|2313
123|1|2314
123|1|2315
123|1|2316
123|1|2317
123|1|2318
123|1|2319
413|1|2320
413|1|2321
413|1|2328
413|1|2329
413|1|2330
413|1|2331
413|1|2332
413|1|2336
413|1|2338
413|1|2339
262|1|2350
262|1|2351
262|1|2358
262|1|2359
123|1|2364
123|1|2365
123|1|2366
123|1|2367
123|1|2368
123|1|2369
279|1|2370
493|1|2378
493|1|2379
241|1|2380
241|1|2381
241|1|2388
241|1|2389
283|1|2390
283|1|2398
283|1|2399
403|1|2417
403|1|2418
403|1|2419
328|1|2430
328|1|2432
328|1|2434
328|1|2435
328|1|2436
328|1|2437
328|1|2438
328|1|2439
328|1|2446
328|1|2447
328|1|2448
328|1|2449
451|1|2488
518|1|2489
410|1|2500
410|1|2501
410|1|2508
410|1|2509
437|1|2519
251|1|2520
251|1|2521
251|1|2528
251|1|2529
109|1|2550
109|1|2551
109|1|2558
289|1|2588
289|1|2589
90|1|2590
90|1|2599
381|1|2600
381|1|2601
381|1|2602
381|1|2607
381|1|2608
381|1|2609
242|1|2619
164|1|2620
164|1|2621
164|1|2628
164|1|2629
371|1|2630
371|1|2639
476|1|2650
476|1|2656
476|1|2657
476|1|2658
476|1|2659
305|1|2660
305|1|2661
305|1|2668
305|1|2669
138|1|2680
138|1|2689
132|1|2699
37|1|2700
37|1|2709
158|1|2710
158|1|2718
158|1|2719
254|1|2720
254|1|2721
254|1|2722
254|1|2727
254|1|2728
254|1|2729
107|1|2750
107|1|2759
285|1|2770
285|1|2771
285|1|2778
285|1|2779
117|1|2800
117|1|2801
117|1|2802
117|1|2804
117|1|2805
117|1|2807
117|1|2808
117|1|2809
99|1|2810
99|1|2811
99|1|2818
99|1|2819
230|1|2830
230|1|2839
233|1|2840
233|1|2842
233|1|2846
233|1|2847
233|1|2848
233|1|2849
233|1|2850
233|1|2851
233|1|2857
61|1|2860
61|1|2868
61|1|2869
394|1|2880
394|1|2881
394|1|2882
394|1|2887
394|1|2888
394|1|2889
310|1|2900
310|1|2909
450|1|2918
450|1|2919
255|1|2920
255|1|2929
315|1|2934
315|1|2935
315|1|2936
315|1|2937
315|1|2938
315|1|2939
517|1|2959
451|1|2959
354|1|2965
354|1|2966
354|1|2967
354|1|2968
354|1|2969
336|1|2974
336|1|2975
336|1|2976
336|1|2977
336|1|2978
336|1|2979
339|1|2980
339|1|2989
106|1|2990
106|1|2999
380|1|3000
380|1|3001
380|1|3007
380|1|3008
174|1|3020
174|1|3029
155|1|3039
337|1|3046
337|1|3047
337|1|3048
337|1|3049
86|1|3050
86|1|3056
86|1|3057
86|1|3058
86|1|3059
313|1|3060
313|1|3068
313|1|3069
430|1|3075
430|1|3077
430|1|3078
172|1|3080
172|1|3086
172|1|3087
172|1|3088
172|1|3089
178|1|3104
178|1|3105
178|1|3106
178|1|3107
178|1|3108
178|1|3109
69|1|3110
69|1|3119
178|1|3124
178|1|3125
178|1|3126
178|1|3127
178|1|3128
178|1|3129
103|1|3130
103|1|3131
103|1|3138
103|1|3139
202|1|3140
202|1|3149
497|1|3150
497|1|3159
212|1|3160
515|1|3168
515|1|3169
212|1|3169
422|1|3170
422|1|3174
422|1|3175
422|1|3177
422|1|3178
422|1|3179
422|1|3186
422|1|3187
217|1|3190
217|1|3199
142|1|3200
142|1|3209
66|1|3220
66|1|3229
270|1|3230
270|1|3235
270|1|3236
270|1|3237
270|1|3238
270|1|3239
45|1|3250
45|1|3251
45|1|3252
45|1|3257
45|1|3258
45|1|3259
240|1|3264
240|1|3265
240|1|3266
240|1|3267
240|1|3268
240|1|3269
240|1|3274
240|1|3275
240|1|3276
240|1|3277
240|1|3278
240|1|3279
240|1|3284
240|1|3285
240|1|3286
240|1|3287
240|1|3288
240|1|3289
157|1|3290
157|1|3291
157|1|3292
157|1|3297
157|1|3298
157|1|3299
419|1|3310
419|1|3311
419|1|3312
419|1|3313
419|1|3316
419|1|3317
419|1|3318
419|1|3319
350|1|3320
350|1|3329
240|1|3344
240|1|3345
240|1|3346
240|1|3347
240|1|3348
240|1|3349
222|1|3350
222|1|3359
468|1|3360
468|1|3361
468|1|3368
468|1|3369
85|1|3370
85|1|3378
85|1|3379
210|1|3390
210|1|3391
210|1|3392
210|1|3398
210|1|3399
399|1|3410
399|1|3411
399|1|3412
399|1|3413
399|1|3414
399|1|3415
399|1|3416
399|1|3417
399|1|3418
399|1|3419
89|1|3447
89|1|3448
89|1|3449
89|1|3450
89|1|3451
89|1|3452
89|1|3454
89|1|3455
89|1|3456
89|1|3457
89|1|3458
89|1|3459
386|1|3470
386|1|3479
348|1|3489
303|1|3490
478|1|3498
478|1|3499
304|1|3500
304|1|3501
304|1|3506
304|1|3507
304|1|3508
304|1|3509
452|1|3526
452|1|3527
452|1|3528
452|1|3529
424|1|3539
188|1|3549
452|1|3555
452|1|3556
452|1|3557
452|1|3558
452|1|3559
452|1|3560
452|1|3565
452|1|3566
452|1|3567
452|1|3568
452|1|3569
467|1|3575
467|1|3576
467|1|3577
467|1|3578
467|1|3579
414|1|3580
414|1|3589
246|1|3599
55|1|3600
55|1|3601
55|1|3605
55|1|3606
55|1|3607
55|1|3608
55|1|3609
160|1|3610
160|1|3619
75|1|3620
75|1|3629
240|1|3647
240|1|3648
240|1|3649
479|1|3659
182|1|3660
182|1|3669
453|1|3676
453|1|3677
453|1|3678
453|1|3679
302|1|3680
302|1|3689
456|1|3690
456|1|3699
12|1|3700
12|1|3708
12|1|3709
188|1|3714
188|1|3715
188|1|3716
188|1|3717
188|1|3718
188|1|3719
63|1|3730
63|1|3739
458|1|3754
458|1|3755
458|1|3756
458|1|3757
458|1|3758
458|1|3759
188|1|3760
188|1|3761
188|1|3762
188|1|3764
188|1|3765
188|1|3766
188|1|3767
188|1|3768
188|1|3769
443|1|3779
235|1|3780
235|1|3788
235|1|3789
190|1|3790
190|1|3799
173|1|3800
173|1|3801
173|1|3808
173|1|3809
31|1|3840
31|1|3841
31|1|3848
31|1|3849
312|1|3860
312|1|3869
64|1|3870
64|1|3879
42|1|3880
42|1|3881
42|1|3888
42|1|3889
271|1|3900
271|1|3901
271|1|3908
271|1|3909
457|1|3910
457|1|3916
457|1|3917
457|1|3918
457|1|3919
151|1|3920
151|1|3929
113|1|3930
113|1|3931
113|1|3938
113|1|3939
133|1|3950
133|1|3959
237|1|3960
237|1|3961
237|1|3962
237|1|3967
237|1|3968
237|1|3969
29|1|3990
29|1|3991
29|1|3998
29|1|3999
352|1|4011
352|1|4018
352|1|4019
67|1|4024
67|1|4025
67|1|4026
67|1|4027
67|1|4028
67|1|4029
39|1|4030
39|1|4031
39|1|4037
39|1|4038
39|1|4039
67|1|4054
67|1|4055
67|1|4056
67|1|4057
67|1|4058
67|1|4059
67|1|4060
67|1|4064
67|1|4065
67|1|4066
67|1|4067
67|1|4068
67|1|4069
67|1|4070
67|1|4071
67|1|4072
67|1|4073
67|1|4074
67|1|4075
67|1|4076
67|1|4077
67|1|4078
67|1|4079
423|1|4080
423|1|4081
423|1|4085
423|1|4086
423|1|4087
423|1|4088
135|1|4120
135|1|4121
135|1|4127
135|1|4128
135|1|4129
122|1|4130
122|1|4139
358|1|4140
358|1|4149
455|1|4158
455|1|4159
233|1|4160
233|1|4161
233|1|4163
233|1|4164
233|1|4165
233|1|4166
233|1|4167
233|1|4168
233|1|4169
170|1|4180
170|1|4189
462|1|4199
351|1|4280
351|1|4289
484|1|4300
484|1|4309
211|1|4310
211|1|4319
65|1|4330
65|1|4331
65|1|4338
65|1|4339
382|1|4350
382|1|4351
382|1|4358
382|1|4359
314|1|4380
314|1|4389
463|1|4390
463|1|4399
201|1|4400
201|1|4407
201|1|4409
362|1|4410
362|1|4418
362|1|4419
331|1|4460
331|1|4461
331|1|4468
331|1|4469
299|1|4470
299|1|4479
252|1|4500
252|1|4509
318|1|4520
318|1|4529
429|1|4534
429|1|4535
429|1|4536
429|1|4537
429|1|4538
429|1|4539
429|1|4544
429|1|4545
429|1|4546
429|1|4547
429|1|4548
429|1|4549
309|1|4550
309|1|4551
309|1|4558
309|1|4559
145|1|4560
145|1|4569
397|1|4585
397|1|4586
397|1|4587
397|1|4588
397|1|4589
79|1|4590
79|1|4591
79|1|4595
79|1|4597
397|1|4624
397|1|4625
397|1|4626
397|1|4627
397|1|4628
397|1|4629
397|1|4634
397|1|4635
397|1|4636
397|1|4637
397|1|4638
397|1|4639
198|1|4645
198|1|4646
198|1|4647
198|1|4648
397|1|4654
397|1|4655
397|1|4656
397|1|4657
397|1|4658
397|1|4659
397|1|4660
397|1|4661
397|1|4662
397|1|4664
397|1|4665
397|1|4666
397|1|4667
397|1|4668
397|1|4669
194|1|4670
194|1|4678
194|1|4679
397|1|4684
397|1|4685
397|1|4686
397|1|4687
397|1|4688
397|1|4689
3|1|4690
3|1|4699
5|1|4708
508|1|4708
508|1|4709
5|1|4709
220|1|4720
220|1|4721
220|1|4728
220|1|4729
506|1|4779
49|1|4780
49|1|4789
482|1|4808
482|1|4809
483|1|4826
483|1|4827
483|1|4828
483|1|4829
418|1|4830
418|1|4838
418|1|4839
500|1|4840
500|1|4849
203|1|4858
203|1|4859
166|1|4860
166|1|4869
429|1|4871
429|1|4872
429|1|4873
429|1|4874
429|1|4875
429|1|4876
429|1|4877
429|1|4878
429|1|4879
168|1|4880
168|1|4881
168|1|4882
168|1|4885
168|1|4886
168|1|4887
168|1|4888
168|1|4889
41|1|4890
41|1|4899
258|1|4900
258|1|4901
258|1|4908
258|1|4909
429|1|4914
429|1|4915
429|1|4916
429|1|4917
429|1|4918
429|1|4919
361|1|4920
361|1|4921
361|1|4922
361|1|4927
361|1|4928
361|1|4929
101|1|4950
101|1|4959
68|1|4970
68|1|4971
68|1|4972
68|1|4974
68|1|4975
68|1|4976
68|1|4977
68|1|4978
68|1|4979
429|1|4984
429|1|4985
429|1|4986
429|1|4987
429|1|4988
429|1|4989
472|1|4990
472|1|4999
58|1|5000
58|1|5009
32|1|5010
32|1|5011
32|1|5018
32|1|5019
277|1|5030
277|1|5039
461|1|5058
461|1|5059
427|1|5080
427|1|5081
427|1|5082
427|1|5087
427|1|5089
111|1|5090
111|1|5091
111|1|5098
111|1|5099
229|1|5110
229|1|5119
459|1|5120
459|1|5129
74|1|5130
74|1|5131
74|1|5134
74|1|5135
74|1|5136
74|1|5137
74|1|5138
74|1|5139
91|1|5140
91|1|5141
91|1|5147
91|1|5148
91|1|5149
417|1|5160
417|1|5161
417|1|5168
417|1|5169
52|1|5170
52|1|5179
100|1|5185
100|1|5186
100|1|5187
100|1|5188
100|1|5189
100|1|5194
100|1|5195
100|1|5196
100|1|5197
100|1|5198
136|1|5200
136|1|5209
269|1|5219
269|1|5220
269|1|5221
269|1|5222
269|1|5227
269|1|5228
444|1|5239
184|1|5245
184|1|5246
184|1|5247
184|1|5248
184|1|5249
364|1|5260
364|1|5261
364|1|5262
364|1|5267
364|1|5268
364|1|5269
281|1|5280
281|1|5289
421|1|5290
421|1|5298
421|1|5299
168|1|5307
168|1|5308
168|1|5309
104|1|5310
104|1|5319
429|1|5324
429|1|5325
429|1|5326
429|1|5327
429|1|5328
429|1|5329
429|1|5330
429|1|5331
429|1|5333
429|1|5334
429|1|5336
429|1|5337
429|1|5338
429|1|5339
429|1|5340
429|1|5341
429|1|5342
429|1|5343
429|1|5344
429|1|5345
429|1|5346
429|1|5347
429|1|5348
429|1|5349
336|1|5354
336|1|5355
336|1|5356
336|1|5357
336|1|5358
336|1|5359
336|1|5360
336|1|5361
336|1|5362
336|1|5364
336|1|5365
336|1|5366
336|1|5367
336|1|5368
336|1|5369
336|1|5374
336|1|5376
336|1|5377
336|1|5378
336|1|5379
256|1|5388
256|1|5389
36|1|5390
36|1|5391
36|1|5399
203|1|5400
203|1|5402
203|1|5403
203|1|5404
203|1|5405
203|1|5406
203|1|5407
203|1|5408
203|1|5409
336|1|5414
336|1|5415
336|1|5416
336|1|5417
336|1|5418
336|1|5419
200|1|5430
200|1|5431
200|1|5437
200|1|5439
208|1|5440
208|1|5449
336|1|5459
430|1|5465
430|1|5466
430|1|5467
430|1|5468
430|1|5469
184|1|5470
184|1|5471
184|1|5472
184|1|5474
184|1|5475
184|1|5476
184|1|5477
184|1|5478
184|1|5479
76|1|5490
76|1|5491
76|1|5499
323|1|5510
323|1|5511
323|1|5512
323|1|5513
323|1|5515
323|1|5516
323|1|5517
323|1|5518
323|1|5519
323|1|5520
323|1|5521
323|1|5522
323|1|5523
323|1|5524
323|1|5525
323|1|5526
323|1|5527
323|1|5528
323|1|5529
323|1|5530
323|1|5531
323|1|5538
323|1|5539
187|1|5550
187|1|5559
244|1|5560
244|1|5561
244|1|5562
244|1|5567
244|1|5568
244|1|5569
195|1|5580
195|1|5589
169|1|5590
169|1|5599
390|1|5610
390|1|5619
84|1|5630
84|1|5631
84|1|5637
84|1|5638
373|1|5660
373|1|5661
373|1|5662
373|1|5665
373|1|5666
373|1|5667
373|1|5668
373|1|5669
432|1|5670
432|1|5671
432|1|5672
432|1|5674
432|1|5675
432|1|5678
432|1|5679
378|1|5680
378|1|5689
228|1|5700
228|1|5701
228|1|5708
228|1|5709
398|1|5710
398|1|5719
432|1|5724
432|1|5725
432|1|5726
16|1|5740
16|1|5747
16|1|5748
16|1|5749
308|1|5760
308|1|5769
57|1|5770
57|1|5777
57|1|5778
57|1|5779
324|1|5790
324|1|5799
110|1|5800
432|1|5804
432|1|5805
432|1|5806
432|1|5807
432|1|5808
432|1|5809
469|1|5810
469|1|5819
396|1|5820
396|1|5829
336|1|5835
336|1|5836
336|1|5837
336|1|5838
336|1|5839
496|1|5849
216|1|5850
216|1|5859
115|1|5880
115|1|5881
115|1|5887
115|1|5888
115|1|5889
123|1|5904
123|1|5905
123|1|5906
123|1|5907
123|1|5908
123|1|5909
268|1|5910
268|1|5919
123|1|5924
123|1|5925
123|1|5926
123|1|5927
123|1|5928
123|1|5929
346|1|5930
346|1|5932
346|1|5937
346|1|5938
287|1|5940
287|1|5949
123|1|5958
123|1|5959
292|1|5960
292|1|5969
498|1|5979
253|1|5980
253|1|5981
253|1|5984
253|1|5985
253|1|5986
253|1|5987
253|1|5988
253|1|5989
22|1|6000
22|1|6001
22|1|6008
22|1|6009
207|1|6010
207|1|6018
207|1|6019
480|1|6058
480|1|6059
470|1|6069
74|1|6074
74|1|6077
74|1|6078
74|1|6079
204|1|6080
204|1|6081
204|1|6082
204|1|6083
204|1|6084
204|1|6085
204|1|6086
204|1|6088
204|1|6089
209|1|6090
209|1|6098
209|1|6099
100|1|6100
100|1|6101
100|1|6102
100|1|6104
100|1|6105
100|1|6106
100|1|6107
100|1|6108
100|1|6109
243|1|6110
243|1|6119
193|1|6120
193|1|6121
193|1|6122
193|1|6123
193|1|6125
193|1|6126
193|1|6127
193|1|6128
193|1|6129
383|1|6160
383|1|6166
383|1|6167
383|1|6168
383|1|6169
488|1|6170
488|1|6179
471|1|6180
471|1|6189
329|1|6190
329|1|6199
342|1|6200
342|1|6209
319|1|6210
319|1|6219
332|1|6220
332|1|6221
332|1|6223
332|1|6226
332|1|6227
332|1|6228
332|1|6229
296|1|6248
296|1|6249
368|1|6250
368|1|6258
368|1|6259
108|1|6270
108|1|6271
108|1|6278
108|1|6279
412|1|6280
412|1|6289
473|1|6299
481|1|6300
481|1|6309
51|1|6310
51|1|6318
51|1|6319
445|1|6330
445|1|6331
445|1|6338
445|1|6339
512|1|6340
512|1|6349
231|1|6360
231|1|6361
231|1|6368
231|1|6369
126|1|6370
126|1|6371
126|1|6377
126|1|6378
126|1|6379
430|1|6384
430|1|6386
430|1|6387
430|1|6388
430|1|6389
474|1|6390
474|1|6398
474|1|6399
276|1|6410
276|1|6419
409|1|6424
409|1|6425
409|1|6426
409|1|6430
409|1|6431
409|1|6432
409|1|6434
409|1|6435
409|1|6436
409|1|6437
409|1|6438
409|1|6439
409|1|6449
295|1|6450
295|1|6451
295|1|6458
295|1|6459
485|1|6469
256|1|6470
256|1|6471
256|1|6474
256|1|6475
256|1|6476
256|1|6477
256|1|6478
256|1|6479
369|1|6480
369|1|6489
236|1|6490
236|1|6491
236|1|6492
236|1|6493
236|1|6495
236|1|6496
236|1|6497
236|1|6498
236|1|6499
236|1|6500
236|1|6505
236|1|6506
236|1|6507
236|1|6508
236|1|6509
516|1|6519
301|1|6520
301|1|6521
301|1|6527
301|1|6528
301|1|6529
219|1|6550
219|1|6559
24|1|6560
24|1|6568
24|1|6569
502|1|6579
317|1|6580
317|1|6589
140|1|6600
140|1|6601
140|1|6608
140|1|6609
129|1|6610
129|1|6611
129|1|6612
129|1|6617
129|1|6618
129|1|6619
225|1|6641
225|1|6642
225|1|6643
225|1|6644
225|1|6645
225|1|6646
225|1|6647
225|1|6648
225|1|6649
225|1|6650
225|1|6654
225|1|6655
225|1|6656
225|1|6657
225|1|6658
225|1|6659
504|1|6669
495|1|6679
290|1|6690
290|1|6699
98|1|6700
98|1|6701
98|1|6702
98|1|6707
98|1|6708
98|1|6709
320|1|6750
320|1|6759
130|1|6770
130|1|6771
130|1|6772
130|1|6773
130|1|6774
130|1|6775
130|1|6776
130|1|6777
130|1|6778
130|1|6779
130|1|6780
374|1|6790
374|1|6799
250|1|6800
250|1|6809
150|1|6820
150|1|6821
150|1|6822
150|1|6823
150|1|6825
150|1|6826
150|1|6827
150|1|6828
150|1|6829
150|1|6830
150|1|6831
150|1|6832
150|1|6835
150|1|6837
150|1|6838
150|1|6839
163|1|6840
163|1|6849
327|1|6860
327|1|6861
327|1|6862
327|1|6867
327|1|6868
327|1|6869
355|1|6880
355|1|6889
464|1|6898
464|1|6899
8|1|6900
8|1|6904
8|1|6905
8|1|6906
8|1|6907
8|1|6908
8|1|6909
171|1|6910
171|1|6919
353|1|6930
353|1|6939
226|1|6940
226|1|6949
118|1|6950
118|1|6958
437|1|6960
437|1|6961
437|1|6965
437|1|6966
437|1|6967
437|1|6968
437|1|6969
490|1|6978
490|1|6979
154|1|6984
154|1|6985
154|1|6986
154|1|6987
154|1|6988
154|1|6989
159|1|7000
159|1|7009
8|1|7016
8|1|7017
8|1|7018
8|1|7019
8|1|7020
8|1|7021
8|1|7022
8|1|7023
8|1|7024
8|1|7025
8|1|7026
8|1|7027
8|1|7028
8|1|7029
179|1|7040
179|1|7041
179|1|7042
179|1|7046
179|1|7047
179|1|7048
179|1|7049
370|1|7070
370|1|7071
370|1|7072
370|1|7077
370|1|7078
370|1|7079
260|1|7080
260|1|7081
260|1|7085
260|1|7086
260|1|7087
260|1|7088
260|1|7089
360|1|7100
360|1|7109
35|1|7116
35|1|7117
35|1|7118
35|1|7119
35|1|7120
35|1|7124
35|1|7125
35|1|7126
35|1|7127
35|1|7130
35|1|7131
35|1|7132
35|1|7133
35|1|7134
35|1|7135
35|1|7136
35|1|7137
35|1|7138
35|1|7139
272|1|7140
272|1|7141
272|1|7142
272|1|7143
272|1|7146
272|1|7147
272|1|7148
272|1|7149
272|1|7150
272|1|7151
272|1|7152
272|1|7153
272|1|7155
272|1|7159
272|1|7160
272|1|7167
272|1|7168
272|1|7169
154|1|7170
154|1|7171
154|1|7174
154|1|7175
154|1|7176
154|1|7177
154|1|7178
154|1|7179
50|1|7183
50|1|7184
50|1|7185
50|1|7186
50|1|7187
50|1|7188
50|1|7189
50|1|7190
50|1|7194
50|1|7195
50|1|7196
50|1|7197
50|1|7198
50|1|7199
181|1|7200
181|1|7209
50|1|7214
50|1|7215
50|1|7216
50|1|7217
50|1|7219
197|1|7220
197|1|7221
197|1|7228
197|1|7229
416|1|7230
416|1|7231
416|1|7238
416|1|7239
50|1|7259
296|1|7260
296|1|7261
296|1|7262
296|1|7263
296|1|7264
296|1|7267
296|1|7268
296|1|7269
487|1|7279
377|1|7280
377|1|7281
377|1|7288
377|1|7289
376|1|7310
376|1|7319
300|1|7330
300|1|7331
300|1|7339
519|1|7349
240|1|7350
240|1|7351
240|1|7354
240|1|7355
240|1|7356
240|1|7357
240|1|7358
240|1|7359
240|1|7362
240|1|7363
240|1|7364
240|1|7365
240|1|7366
240|1|7367
240|1|7368
240|1|7369
185|1|7370
185|1|7379
422|1|7380
422|1|7381
422|1|7382
422|1|7383
422|1|7384
422|1|7385
422|1|7386
422|1|7387
422|1|7388
422|1|7389
491|1|7390
491|1|7399
79|1|7400
79|1|7402
79|1|7408
79|1|7409
446|1|7410
446|1|7411
446|1|7418
446|1|7419
388|1|7434
388|1|7435
388|1|7436
388|1|7437
388|1|7438
388|1|7439
388|1|7447
388|1|7448
388|1|7449
280|1|7460
280|1|7461
280|1|7469
338|1|7470
338|1|7471
338|1|7477
338|1|7478
338|1|7479
507|1|7480
507|1|7489
127|1|7500
127|1|7508
127|1|7509
189|1|7509
189|1|7510
189|1|7519
503|1|7529
401|1|7540
401|1|7541
401|1|7542
401|1|7547
401|1|7548
401|1|7549
359|1|7567
359|1|7568
359|1|7569
359|1|7570
359|1|7571
359|1|7572
359|1|7574
359|1|7575
359|1|7576
359|1|7577
359|1|7578
359|1|7584
359|1|7585
359|1|7586
359|1|7587
359|1|7588
359|1|7589
514|1|7590
514|1|7599
13|1|7600
13|1|7609
513|1|7620
513|1|7623
513|1|7624
513|1|7625
513|1|7626
513|1|7627
513|1|7628
513|1|7629
215|1|7670
215|1|7676
215|1|7677
215|1|7678
215|1|7679
429|1|7686
429|1|7687
40|1|7700
40|1|7701
40|1|7702
40|1|7707
40|1|7708
40|1|7709
297|1|7730
297|1|7739
25|1|7750
25|1|7751
25|1|7758
25|1|7759
405|1|7770
405|1|7771
405|1|7772
405|1|7777
405|1|7778
405|1|7779
121|1|7800
121|1|7801
121|1|7802
121|1|7803
121|1|7804
121|1|7805
121|1|7806
121|1|7807
121|1|7808
121|1|7809
509|1|7810
509|1|7817
509|1|7818
509|1|7819
121|1|7820
7|1|7830
7|1|7839
395|1|7850
395|1|7859
406|1|7860
406|1|7869
447|1|7870
511|1|7870
511|1|7878
447|1|7878
511|1|7879
447|1|7879
116|1|7880
116|1|7881
116|1|7884
116|1|7886
116|1|7887
116|1|7888
116|1|7889
261|1|7890
261|1|7891
261|1|7899
95|1|7910
95|1|7911
95|1|7914
95|1|7915
95|1|7916
95|1|7917
95|1|7919
365|1|7920
365|1|7929
48|1|7930
48|1|7931
48|1|7938
48|1|7939
391|1|7960
391|1|7961
391|1|7967
391|1|7968
391|1|7969
341|1|7970
341|1|7979
316|1|7990
316|1|7991
316|1|7992
316|1|7993
316|1|7995
316|1|7996
316|1|7997
316|1|7998
316|1|7999
316|1|8009
149|1|8010
149|1|8019
214|1|8020
214|1|8021
214|1|8022
214|1|8023
214|1|8026
214|1|8027
214|1|8028
214|1|8029
214|1|8030
214|1|8034
214|1|8036
214|1|8037
214|1|8038
214|1|8039
214|1|8044
214|1|8045
214|1|8046
214|1|8047
214|1|8049
293|1|8070
293|1|8071
293|1|8072
293|1|8073
293|1|8075
293|1|8076
293|1|8077
293|1|8078
293|1|8079
384|1|8080
384|1|8081
384|1|8088
384|1|8089
95|1|8109
95|1|8114
95|1|8115
95|1|8116
95|1|8117
95|1|8118
95|1|8119
411|1|8120
411|1|8124
411|1|8125
411|1|8126
411|1|8127
411|1|8128
411|1|8129
411|1|8130
411|1|8134
411|1|8135
411|1|8136
411|1|8137
411|1|8138
411|1|8139
411|1|8140
411|1|8141
411|1|8144
411|1|8145
411|1|8146
411|1|8147
411|1|8148
411|1|8149
411|1|8154
411|1|8155
411|1|8157
411|1|8158
411|1|8159
411|1|8164
411|1|8167
411|1|8168
411|1|8169
411|1|8170
411|1|8176
411|1|8177
411|1|8178
411|1|8179
411|1|8180
411|1|8181
411|1|8184
411|1|8185
411|1|8186
411|1|8188
411|1|8189
411|1|8194
411|1|8195
411|1|8196
411|1|8197
411|1|8198
411|1|8199
356|1|8200
356|1|8201
356|1|8202
356|1|8207
356|1|8208
356|1|8209
206|1|8220
206|1|8229
196|1|8230
196|1|8239
148|1|8250
148|1|8259
363|1|8260
363|1|8269
245|1|8270
245|1|8271
245|1|8272
245|1|8273
245|1|8276
245|1|8277
245|1|8278
245|1|8279
385|1|8290
385|1|8295
385|1|8296
385|1|8297
385|1|8298
385|1|8299
152|1|8314
152|1|8315
152|1|8316
152|1|8317
152|1|8318
152|1|8319
156|1|8320
156|1|8328
156|1|8329
321|1|8330
321|1|8331
321|1|8332
321|1|8336
321|1|8337
321|1|8338
321|1|8339
152|1|8364
152|1|8365
152|1|8366
152|1|8367
152|1|8368
152|1|8369
152|1|8374
152|1|8375
152|1|8376
152|1|8377
152|1|8379
415|1|8380
415|1|8389
152|1|8390
152|1|8391
152|1|8392
152|1|8393
152|1|8394
152|1|8395
152|1|8396
152|1|8397
152|1|8398
152|1|8399
152|1|8400
152|1|8404
152|1|8405
152|1|8406
152|1|8407
152|1|8408
152|1|8409
435|1|8410
435|1|8419
152|1|8424
152|1|8428
120|1|8450
120|1|8459
2|1|8460
175|1|8490
175|1|8499
78|1|8506
78|1|8507
78|1|8508
78|1|8509
78|1|8510
78|1|8511
78|1|8514
78|1|8515
78|1|8516
78|1|8519
153|1|8572
153|1|8573
153|1|8574
153|1|8575
153|1|8576
153|1|8577
153|1|8578
153|1|8579
204|1|8580
204|1|8581
204|1|8589
204|1|8590
204|1|8592
204|1|8593
204|1|8594
204|1|8595
204|1|8599
114|1|8640
114|1|8641
114|1|8642
114|1|8644
114|1|8645
114|1|8646
114|1|8647
114|1|8648
114|1|8649
114|1|8664
114|1|8665
114|1|8666
114|1|8667
466|1|8674
466|1|8675
466|1|8676
466|1|8677
466|1|8678
466|1|8679
466|1|8680
466|1|8684
466|1|8685
466|1|8686
466|1|8687
466|1|8688
466|1|8689
67|1|8694
67|1|8695
67|1|8696
67|1|8697
67|1|8698
67|1|8699
4|1|8700
4|1|8701
4|1|8708
4|1|8709
152|1|8714
152|1|8715
152|1|8716
152|1|8717
152|1|8718
152|1|8719
9|1|8720
9|1|8729
153|1|8730
153|1|8731
153|1|8732
153|1|8733
153|1|8734
153|1|8735
153|1|8736
153|1|8737
153|1|8738
153|1|8739
153|1|8744
153|1|8745
153|1|8746
153|1|8747
153|1|8748
153|1|8749
128|1|8750
128|1|8759
82|1|8760
82|1|8761
82|1|8762
82|1|8767
82|1|8768
82|1|8769
288|1|8790
288|1|8791
288|1|8792
288|1|8797
288|1|8798
288|1|8799
47|1|8830
47|1|8831
47|1|8832
47|1|8833
47|1|8836
47|1|8837
47|1|8838
47|1|8839
47|1|8840
47|1|8849
44|1|8870
44|1|8879
402|1|8880
402|1|8881
402|1|8882
402|1|8883
402|1|8884
402|1|8885
402|1|8886
402|1|8887
402|1|8889
402|1|8896
402|1|8897
402|1|8899
411|1|8904
411|1|8905
411|1|8906
411|1|8907
411|1|8908
411|1|8909
411|1|8914
411|1|8919
411|1|8924
28|1|8930
28|1|8931
28|1|8932
28|1|8935
28|1|8938
28|1|8939
411|1|8944
411|1|8945
411|1|8946
411|1|8947
411|1|8948
411|1|8949
403|1|8960
403|1|8961
403|1|8962
403|1|8963
403|1|8964
403|1|8965
403|1|8966
403|1|8967
403|1|8968
403|1|8969
74|1|9000
74|1|9001
74|1|9004
74|1|9005
74|1|9006
74|1|9007
74|1|9008
74|1|9009
74|1|9014
74|1|9015
74|1|9016
74|1|9017
74|1|9018
74|1|9019
436|1|9028
436|1|9029
388|1|9030
388|1|9031
388|1|9032
388|1|9034
388|1|9035
388|1|9036
388|1|9037
388|1|9038
388|1|9039
375|1|9040
375|1|9041
375|1|9042
375|1|9043
375|1|9046
375|1|9047
375|1|9048
375|1|9049
436|1|9050
436|1|9051
436|1|9052
436|1|9053
436|1|9054
436|1|9055
436|1|9056
436|1|9057
436|1|9058
436|1|9059
436|1|9063
436|1|9064
436|1|9065
436|1|9066
436|1|9067
436|1|9068
436|1|9069
74|1|9070
74|1|9071
74|1|9072
74|1|9073
74|1|9074
74|1|9075
74|1|9076
74|1|9077
74|1|9078
74|1|9079
74|1|9080
74|1|9081
74|1|9082
74|1|9083
74|1|9084
74|1|9085
74|1|9086
74|1|9087
74|1|9088
74|1|9089
74|1|9094
74|1|9095
74|1|9096
74|1|9097
74|1|9098
74|1|9099
337|1|9100
337|1|9104
337|1|9105
337|1|9106
337|1|9107
337|1|9108
337|1|9109
388|1|9114
388|1|9115
388|1|9116
388|1|9117
388|1|9118
388|1|9119
74|1|9124
74|1|9125
74|1|9126
74|1|9127
74|1|9128
74|1|9129
273|1|9130
273|1|9137
273|1|9138
273|1|9139
408|1|9150
408|1|9151
408|1|9157
408|1|9159
152|1|9400
152|1|9401
152|1|9402
152|1|9409
152|1|9410
409|1|9411
409|1|9412
152|1|9413
152|1|9414
152|1|9415
152|1|9416
152|1|9417
152|1|9418
123|1|9419
123|1|9420
123|1|9421
123|1|9422
33|1|9423
437|1|9424
437|1|9425
437|1|9426
437|1|9427
152|1|9428
152|1|9429
152|1|9430
123|1|9431
123|1|9432
123|1|9433
123|1|9434
17|1|9501
153|1|9503
214|1|9505
233|1|9507
68|1|9509
429|1|9511
50|1|9513
50|1|9515
50|1|9517
156|1|9519
67|1|9521
16|1|9523
429|1|9525
240|1|9527
50|1|9529
233|1|9531
50|1|9533
429|1|9535
67|1|9539
411|1|9543
50|1|9545
50|1|9547
236|1|9549
67|1|9551
67|1|9553
50|1|9555
233|1|9557
68|1|9559
1|1|9561
436|1|9563
432|1|9565
1|1|9567
16|1|9569
156|1|9571
214|1|9573
436|1|9573
423|1|9575
16|1|9577
423|1|9579
214|1|9581
423|1|9581
154|1|9583
436|1|9585
67|1|9587
233|1|9589
67|1|9591
67|1|9593
16|1|9595
233|1|9599
156|1|9601
114|1|9603
33|1|9605
67|1|9607
153|1|9609
153|1|9611
67|1|9613
153|1|9615
423|1|9617
272|1|9617
436|1|9619
114|1|9621
114|1|9623
89|1|9625
89|1|9627
68|1|9629
33|1|9633
436|1|9635
114|1|9637
114|1|9639
114|1|9641
114|1|9643
422|1|9645
422|1|9647
89|1|9649
422|1|9651
436|1|9653
436|1|9655
240|1|9657
168|1|9659
434|1|9661
434|1|9663
240|1|9665
68|1|9667
67|1|9669
67|1|9671
67|1|9673
432|1|9679
432|1|9681
423|1|9683
